
駅名
伏見
方面	浄心・上小田井・犬山		　
時	平日	土曜・日曜・休日
05	岩44 53	岩44 53
06	05 犬15 犬25 35 43 48 *岩53 *犬59	犬05 16 犬27 37 岩47 58
07	04 10 *犬14 18 22 *岩26 30 岩34 38 42 *犬46 50 54 犬58	犬07 16 犬24 岩32 40 犬48 56
08	02 扶06 10 14 18 22 26 30 34 犬38 42 46 50 柏54 58	岩04 11 犬18 25 31 岩37 43 49 犬55
09	02 05 10 15 20 26 岩32 38 44 岩50 56	01 07 14 柏21 31 41 51
10	02 10 17 25 32 岩40 47 55	岩01 11 21 岩31 41 51
11	02 10 17 25 32 岩40 47 55	岩01 11 21 岩31 41 51
12	02 10 17 25 32 岩40 47 55	岩01 11 21 岩31 41 51
13	02 10 17 25 32 岩40 47 55	岩01 11 21 岩31 41 51
14	02 10 17 25 32 岩40 47 55	岩01 11 21 岩31 41 51
15	02 10 17 24 30 岩36 42 48 54	岩01 11 21 岩31 41 51
16	00 岩06 12 17 22 27 32 柏37 42 47 52 57	岩01 11 21 岩31 41 51
17	02 柏07 12 17 22 27 32 柏37 42 47 52 57	岩01 11 21 岩31 41 51
18	02 柏07 12 17 22 27 32 柏37 42 47 52 57	岩01 11 21 岩31 41 51
19	02 柏07 13 21 29 柏37 45 53	岩01 11 21 岩31 41 51
20	01 柏09 17 25 柏33 41 49 57	岩01 11 21 岩31 41 51
21	柏05 13 21 犬30 40 柏50	岩01 11 21 岩31 41 51
22	00 11 柏23 33 45 岩57	岩01 11 23 犬33 45 57
23	09 犬21 33 45 58	岩09 21 33 45 58
00	11 浄24	11 浄24
無印・・・上小田井行	Ｈ２３．１２．１９
岩・・・岩倉行
犬・・・犬山行
扶・・・扶桑行
柏・・・柏森行
浄・・・浄心行
＊・・・上小田井から急行