
駅名
伏見
方面	名古屋・高畑		　
時	平日（休校期）	土曜・日曜・休日
05	38 45 52	38 45 52
06	02 13 22 31 40 47 53 58	02 13 22 31 40 48 55
07	03 07 11 15 19 22 26 30 34 38 42 45 48 51 54 56 58	02 09 16 23 29 36 42 48 53 59
08	00 02 04 06 08 10 12 14 16 18 20 22 24 26 28 30 32 34 36 38 40 42 44 46 48 50 52 54 56 58	04 09 13 17 21 25 29 33 37 41 45 49 53 57
09	00 02 05 07 10 13 16 19 22 25 28 31 34 37 41 45 49 53 57	01 05 09 13 17 21 25 29 33 37 41 45 49 53 58
10	01 05 09 13 18 23 28 33 38 43 48 53 58	03 08 13 18 23 28 33 38 43 48 53 58
11	03 08 13 18 23 28 33 38 43 48 53 58	03 08 13 18 23 28 33 38 43 48 53 58
12	03 08 13 18 23 28 33 38 43 48 53 58	03 08 13 18 23 28 33 38 43 48 53 58
13	03 08 13 18 23 28 33 38 43 48 53 58	03 07 11 15 19 23 27 31 35 39 43 47 51 55 59
14	03 08 13 18 23 28 33 38 43 48 53 58	03 07 11 15 19 23 27 31 35 39 43 47 51 55 59
15	03 08 13 18 23 28 33 37 41 45 49 53 57	03 07 11 15 19 23 27 31 35 39 43 47 51 55 59
16	01 05 09 13 17 21 25 29 33 36 39 42 45 48 51 54 57	03 07 11 15 19 23 27 31 35 39 43 47 51 55 59
17	00 03 06 09 12 15 18 21 24 27 30 33 36 39 42 45 48 51 54 57	03 07 11 15 19 23 27 31 35 39 43 47 51 55 59
18	00 03 06 09 12 15 18 21 24 27 30 33 36 39 42 45 48 51 54 57	03 07 11 15 19 23 27 31 35 39 43 47 52 56
19	00 03 06 10 14 18 22 26 30 34 38 42 46 50 54 58	00 04 09 13 18 23 28 33 38 43 48 53 58
20	02 06 10 14 19 24 29 34 39 44 49 54 59	03 08 13 18 23 28 33 39 45 51 58
21	04 09 14 19 24 30 35 41 46 52 58	06 14 22 30 38 46 55
22	05 11 18 24 31 38 46 53	03 10 18 26 34 42 51 59
23	01 08 16 24 32 40 48 56	07 18 28 41 52
00	04 岩（●高）17 ●40	04 岩17
01	●岩02
無印・・・高畑行	Ｈ２６．７．４
岩・・・岩塚行
●・・・「金曜日」及び「休日の前日」に運行します。なお、０時１７分発は岩塚行を高畑行に変更します。