
駅名
伏見
方面	栄・東山公園・藤が丘		　
時	平日（休校期）	土曜・日曜・休日
05	40 48 58	40 48 58
06	09 19 29 38 46 55	09 19 29 38 46 55
07	03 09 15 20 25 30 34 37 40 43 46 48 51 53 55 57 59	03 09 15 20 26 31 36 41 46 51 56
08	01 03 05 07 09 11 13 15 17 19 21 23 25 27 29 31 33 35 37 39 41 43 45 47 49 51 53 55 57 59	00 04 08 12 16 20 24 28 32 36 40 44 48 52 56
09	01 03 05 07 09 11 13 15 17 19 21 23 25 27 29 31 34 36 39 42 45 48 52 56	00 04 08 12 16 20 24 28 32 36 40 44 48 52 56
10	00 04 08 12 16 20 24 29 34 39 44 49 54 59	00 04 09 14 19 24 29 34 39 44 49 54 59
11	04 09 14 19 24 29 34 39 44 49 54 59	04 09 14 19 24 29 34 39 44 49 54 59
12	04 09 14 19 24 29 34 39 44 49 54 59	04 09 14 19 24 29 34 39 44 49 54 59
13	04 09 14 19 24 29 34 39 44 49 54 59	04 09 14 19 24 29 34 38 42 46 50 54 58
14	04 09 14 19 24 29 34 39 44 49 54 59	02 06 10 14 18 22 26 30 34 38 42 46 50 54 58
15	04 09 14 19 24 29 34 39 44 49 54 59	02 06 10 14 18 22 26 30 34 38 42 46 50 54 58
16	04 08 12 16 20 24 28 32 36 40 44 48 52 56	02 06 10 14 18 22 26 30 34 38 42 46 50 54 58
17	00 04 07 10 13 16 19 22 25 28 31 34 37 40 43 46 49 52 55 58	02 06 10 14 18 22 26 30 34 38 42 46 50 54 58
18	01 04 07 10 13 16 19 22 25 28 31 34 37 40 43 46 49 52 55 58	02 06 10 14 18 22 26 30 34 38 42 46 50 55
19	01 04 07 10 13 16 19 23 26 30 34 38 42 46 50 54 58	00 05 10 15 20 25 30 34 39 44 49 54 59
20	02 06 11 16 21 26 31 36 41 46 51 56	04 09 15 21 27 33 39 45 51 57
21	01 06 11 16 21 26 32 38 44 50 56	03 09 15 22 29 36 45 52
22	02 08 14 20 26 33 40 48 56	00 07 15 23 30 38 47 55
23	04 12 20 28 36 44 52 59	04 14 25 37 47 59
00	星（●藤）09 ●35 ●星57	星09
無印・・・藤が丘行	Ｈ２６．７．４
星・・・星ヶ丘行
●・・・「金曜日」及び「休日の前日」に運行します。なお、０時０９分発は星ヶ丘行を藤が丘行に変更します。