
駅名
丸の内
方面	今池・新瑞橋・徳重		　
時	平日	土曜・日曜・休日
05	35 45 55	35 45 55
06	04 13 22 31 38 45 52 59	05 15 25 34 43 51 58
07	05 10 15 20 26 31 36 41 46 51 56	04 10 16 22 28 34 40 46 52 58
08	01 06 11 15 19 23 27 31 35 39 43 47 51 55 59	04 10 16 22 28 34 40 46 52
09	03 07 12 17 22 27 33 39 45 52	00 08 16 24 32 桜36 40 48 56
10	00 07 14 22 29 37 44 52 59	05 15 25 35 45 55
11	07 14 22 29 37 44 52 59	05 15 25 35 45 55
12	07 14 22 29 37 44 52 59	05 15 25 35 45 55
13	07 14 22 29 37 44 52 59	05 15 25 35 45 55
14	07 14 22 29 37 44 52 59	05 15 25 35 45 55
15	07 14 22 29 37 44 52 59	05 15 25 35 45 55
16	07 14 21 27 33 39 45 51 57	05 15 25 35 45 55
17	03 09 15 21 27 33 39 45 51 57	05 15 25 35 45 55
18	03 09 15 21 27 33 39 45 51 57	05 15 25 35 45 55
19	03 09 15 21 27 33 40 47 54	05 15 25 35 45 55
20	01 08 15 22 29 36 43 51 58	05 15 25 35 45 55
21	06 14 22 30 38 47 55	05 15 25 35 45 55
22	桜01 05 14 24 34 45 56	05 15 25 35 45 56
23	08 19 31 43 55	08 19 31 43 55
00	野06 今22	野06 今22
無印・・・徳重行	Ｈ２３．３．２２
桜・・・桜山行
野・・・野並行
今・・・今池行