
駅名	
丸の内	
方面	浄心・上小田井・犬山		　
時	平日	土曜・日曜・休日
05	岩46 55	岩46 55
06	07 犬17 犬27 37 45 50 *岩55	犬07 18 犬29 39 岩49
07	*犬01 06 11 *犬15 19 23 *岩27 31 岩35 39 43 *犬47 51 55 犬59	00 犬09 18 犬26 岩34 42 犬50 58
08	03 扶07 11 15 19 23 27 31 35 犬39 43 47 51 柏55 59	岩06 13 犬20 27 33 岩39 45 51 犬57
09	03 07 12 17 22 28 岩34 40 46 岩52 58	03 09 16 柏23 32 42 52
10	04 11 19 26 34 岩41 49 56	岩02 12 22 岩32 42 52
11	04 11 19 26 34 岩41 49 56	岩02 12 22 岩32 42 52
12	04 11 19 26 34 岩41 49 56	岩02 12 22 岩32 42 52
13	04 11 19 26 34 岩41 49 56	岩02 12 22 岩32 42 52
14	04 11 19 26 34 岩41 49 56	岩02 12 22 岩32 42 52
15	04 11 19 25 31 岩37 43 49 55	岩02 12 22 岩32 42 52
16	01 岩07 13 18 23 28 33 柏38 43 48 53 58	岩02 12 22 岩32 42 52
17	03 柏08 13 18 23 28 33 柏38 43 48 53 58	岩02 12 22 岩32 42 52
18	03 柏08 13 18 23 28 33 柏38 43 48 53 58	岩02 12 22 岩32 42 52
19	03 柏09 15 23 31 柏39 47 55	岩02 12 22 岩32 42 52
20	03 柏11 19 27 柏35 43 51 59	岩02 12 22 岩32 42 52
21	柏07 15 23 犬32 41 柏51	岩02 12 22 岩32 42 52
22	01 12 柏24 35 47 岩59	岩02 12 24 犬35 47 59
23	11 犬23 35 47	岩11 23 35 47
00	00 13 浄26	00 13 浄26
無印・・・上小田井行	Ｈ２３．１２．１９
岩・・・岩倉行
犬・・・犬山行
扶・・・扶桑行
柏・・・柏森行
浄・・・浄心行
＊・・・上小田井から急行