
駅名
丸の内
方面	名古屋・中村区役所		　
時	平日	土曜・日曜・休日
05	37 53	37 53
06	03 14 24 34 43 53	03 14 24 34 43 49 53
07	02 07 11 17 23 29 36 41 46 51 56	02 11 17 23 29 35 41 47 53 59
08	00 04 08 12 16 20 24 28 32 36 40 44 48 52 57	05 11 17 23 29 35 41 47 53 59
09	02 07 11 16 21 26 31 36 41 46 52 57	05 11 17 24 31 38 46 54
10	03 09 16 23 30 38 45 53	02 10 19 28 38 48 58
11	00 08 15 23 30 38 45 53	08 18 28 38 48 58
12	00 08 15 23 30 38 45 53	08 18 28 38 48 58
13	00 08 15 23 30 38 45 53	08 18 28 38 48 58
14	00 08 15 23 30 38 45 53	08 18 28 38 48 58
15	00 08 15 23 30 38 45 53	08 18 28 38 48 58
16	00 08 15 23 29 35 41 47 53 59	08 18 28 38 48 58
17	05 11 17 23 29 35 41 47 53 59	08 18 28 38 48 58
18	05 11 17 23 29 35 41 47 53 59	08 18 28 38 48 58
19	05 11 17 23 29 35 41 47 53 59	08 18 28 38 48 58
20	06 13 21 29 37 45 53	08 18 28 38 48 58
21	01 09 17 25 33 41 49 57	08 18 28 38 48 58
22	05 14 23 32 41 50 59	08 18 29 40 52
23	08 17 28 39 50	03 15 27 39 50
00	01 13 25	01 13 25
無印・・・中村区役所行	Ｈ２３．３．２２