
駅名
名古屋
方面	栄・東山公園・藤が丘		　
時	平日（休校期）	土曜・日曜・休日
05	38 46 56	38 46 56
06	07 17 27 36 44 53	07 17 27 36 44 53
07	01 07 12 17 22 27 31 34 37 40 43 45 48 50 52 54 56 58	01 07 12 18 23 29 34 39 43 48 53 57
08	00 02 04 06 08 10 12 14 16 18 20 22 24 26 28 30 32 34 36 38 40 42 44 46 48 50 52 54 56 58	01 05 09 13 17 21 25 29 33 37 41 45 49 53 57
09	00 02 04 06 08 10 12 14 16 18 20 22 24 26 28 31 33 36 39 42 45 49 53 57	01 05 09 13 17 21 25 29 33 37 41 45 49 53 57
10	01 05 09 13 17 21 26 31 36 41 46 51 56	01 06 11 16 21 26 31 36 41 46 51 56
11	01 06 11 16 21 26 31 36 41 46 51 56	01 06 11 16 21 26 31 36 41 46 51 56
12	01 06 11 16 21 26 31 36 41 46 51 56	01 06 11 16 21 26 31 36 41 46 51 56
13	01 06 11 16 21 26 31 36 41 46 51 56	01 06 11 16 21 26 31 35 39 43 47 51 55 59
14	01 06 11 16 21 26 31 36 41 46 51 56	03 07 11 15 19 23 27 31 35 39 43 47 51 55 59
15	01 06 11 16 21 26 31 36 41 46 51 56	03 07 11 15 19 23 27 31 35 39 43 47 51 55 59
16	01 05 09 13 17 21 25 29 33 37 41 45 49 53 57	03 07 11 15 19 23 27 31 35 39 43 47 51 55 59
17	01 04 07 10 13 16 19 22 25 28 31 34 37 40 43 46 49 52 55 58	03 07 11 15 19 23 27 31 35 39 43 47 51 55 59
18	01 04 07 10 13 16 19 22 25 28 31 34 37 40 43 46 49 52 55 58	03 07 11 15 19 23 27 31 35 39 43 47 52 57
19	01 04 07 10 13 16 20 23 27 31 35 39 43 47 51 55 59	02 07 12 17 22 27 31 36 41 46 51 56
20	03 08 13 18 23 28 33 38 43 48 53 58	01 06 12 18 24 30 36 42 48 54
21	03 08 13 18 23 29 35 41 47 53 59	00 06 12 19 26 33 42 49 58
22	05 11 17 23 30 37 45 53	05 13 20 28 35 44 53
23	01 09 17 25 33 41 49 57	02 12 22 34 45 57
00	星（●藤）07 ●33 ●星55	星07
無印・・・藤が丘行	Ｈ２６．７．４
星・・・星ヶ丘行
●・・・「金曜日」及び「休日の前日」に運行します。なお、０時０７分発は星ヶ丘行を藤が丘行に変更します。