
駅名
鶴舞
方面	伏見・上小田井・犬山		　
時	平日	土曜・日曜・休日
05	岩38 47 59	岩38 47 犬59
06	犬09 犬19 29 37 42 *岩47 *犬53 58	10 犬21 31 岩41 52
07	04 *犬08 12 16 *岩20 24 岩28 32 36 *犬40 44 48 犬52 56	犬01 10 犬18 岩26 34 犬42 50 岩58
08	扶00 04 08 12 16 20 24 28 犬32 36 40 44 柏48 52 56 59	05 犬12 19 25 岩31 37 43 犬49 55
09	04 09 14 20 岩26 32 38 岩44 50 56	01 08 柏15 25 35 45 岩55
10	04 11 19 26 岩34 41 49 56	05 15 岩25 35 45 岩55
11	04 11 19 26 岩34 41 49 56	05 15 岩25 35 45 岩55
12	04 11 19 26 岩34 41 49 56	05 15 岩25 35 45 岩55
13	04 11 19 26 岩34 41 49 56	05 15 岩25 35 45 岩55
14	04 11 19 26 岩34 41 49 56	05 15 岩25 35 45 岩55
15	04 11 18 24 岩30 36 42 48 54	05 15 岩25 35 45 岩55
16	岩00 06 11 16 21 26 柏31 36 41 46 51 56	05 15 岩25 35 45 岩55
17	柏01 06 11 16 21 26 柏31 36 41 46 51 56	05 15 岩25 35 45 岩55
18	柏01 06 11 16 21 26 柏31 36 41 46 51 56	05 15 岩25 35 45 岩55
19	柏01 07 15 23 柏31 39 47 55	05 15 岩25 35 45 岩55
20	柏03 11 19 柏27 35 43 51 柏59	05 15 岩25 35 45 岩55
21	07 15 犬24 34 柏44 54	05 15 岩25 35 45 岩55
22	05 柏17 28 40 岩52	05 17 犬28 40 52
23	04 犬16 28 40 52	岩04 16 28 40 52
00	06 浄18	06 浄18
無印・・・上小田井行	Ｈ２３．１２．１９
岩・・・岩倉行
犬・・・犬山行
扶・・・扶桑行
柏・・・柏森行
浄・・・浄心行
＊・・・上小田井から急行